
lyingdown = [0,0,0,0,0,0,0,0,0,0,0,0,0,0,0,0,0,0,0,0];
standing = [0,0,0,0,0,0,0,0,0,0,0,0,0,0,0,0,0,0,0,0];
